Team,Matches,Won,Drawn,Lost,GF,GA,GD,Points,Rank
River Plate,1,1,0,0,2,0,2,3,1
Racing Club,1,1,0,0,1,1,0,3,2
Barracas Central,1,0,1,0,3,1,2,1,3
Huracan,1,0,1,0,3,1,2,1,4
Tigre,1,0,1,0,3,1,2,1,5
Rosario Central,1,0,1,0,3,2,1,1,6
CD Godoy Cruz,1,0,1,0,2,1,1,1,7
CA Banfield,1,0,1,0,1,0,1,1,8
Platense,1,0,1,0,1,0,1,1,9
Argentinos Juniors,1,0,1,0,1,0,1,1,10
GyE La Plata,1,0,1,0,1,0,1,1,11
Patronato,1,0,1,0,2,2,0,1,12
Independiente,1,0,1,0,2,2,0,1,13
Arsenal Sarandi,1,0,1,0,1,1,0,1,14
Velez Sarsfield,1,0,1,0,1,1,0,1,15
Talleres Cordoba,1,0,1,0,1,2,-1,1,16
Boca Juniors,1,0,1,0,1,2,-1,1,17
Sarmiento de Junin,1,0,1,0,1,2,-1,1,18
Union de Santa Fe,1,0,1,0,0,1,-1,1,19
Newells Old Boys,1,0,1,0,0,1,-1,1,20
Atletico Tucuman,1,0,1,0,1,3,-2,1,21
Central Cordoba,1,0,1,0,1,3,-2,1,22
San Lorenzo,1,0,1,0,0,2,-2,1,23
Defensa y Justicia,1,0,1,0,1,4,-3,1,24
CA Colon,1,0,0,1,1,1,0,0,25
CA Lanus,1,0,0,1,0,0,0,0,26
Aldosivi,1,0,0,1,1,3,-2,0,27
Estudiantes,1,0,0,1,1,5,-4,0,28
River Plate,2,1,1,0,2,0,2,4,1
Racing Club,2,1,1,0,2,2,0,4,2
Atletico Tucuman,2,1,1,0,2,4,-2,4,3
Huracan,2,0,2,0,6,1,5,2,4
Barracas Central,2,0,2,0,5,1,4,2,5
Argentinos Juniors,2,0,2,0,3,0,3,2,6
Tigre,2,0,2,0,5,3,2,2,7
GyE La Plata,2,0,2,0,2,0,2,2,8
Talleres Cordoba,2,0,2,0,4,4,0,2,9
Patronato,2,0,2,0,3,5,-2,2,10
Boca Juniors,2,0,2,0,1,3,-2,2,11
San Lorenzo,2,0,2,0,0,4,-4,2,12
Newells Old Boys,2,0,2,0,0,4,-4,2,13
Rosario Central,2,0,1,1,5,3,2,1,14
Platense,2,0,1,1,2,0,2,1,15
Independiente,2,0,1,1,5,4,1,1,16
CD Godoy Cruz,2,0,1,1,4,4,0,1,17
CA Banfield,2,0,1,1,2,2,0,1,18
Arsenal Sarandi,2,0,1,1,2,3,-1,1,19
Velez Sarsfield,2,0,1,1,1,2,-1,1,20
Sarmiento de Junin,2,0,1,1,1,3,-2,1,21
Union de Santa Fe,2,0,1,1,1,4,-3,1,22
Defensa y Justicia,2,0,1,1,1,5,-4,1,23
Central Cordoba,2,0,1,1,2,7,-5,1,24
Estudiantes,2,0,0,2,4,6,-2,0,25
Aldosivi,2,0,0,2,1,3,-2,0,26
CA Colon,2,0,0,2,1,3,-2,0,27
CA Lanus,2,0,0,2,0,2,-2,0,28
River Plate,3,1,2,0,2,1,1,5,1
Atletico Tucuman,3,1,2,0,4,4,0,5,2
Racing Club,3,1,2,0,2,3,-1,5,3
San Lorenzo,3,1,2,0,0,5,-5,5,4
Huracan,3,0,3,0,7,2,5,3,5
Argentinos Juniors,3,0,3,0,4,0,4,3,6
GyE La Plata,3,0,3,0,4,0,4,3,7
Barracas Central,3,0,3,0,5,2,3,3,8
Tigre,3,0,3,0,7,5,2,3,9
Talleres Cordoba,3,0,3,0,5,6,-1,3,10
Patronato,3,0,3,0,4,5,-1,3,11
Boca Juniors,3,0,3,0,2,5,-3,3,12
Newells Old Boys,3,0,3,0,0,5,-5,3,13
Platense,3,0,1,2,2,0,2,1,14
Independiente,3,0,1,2,6,5,1,1,15
Rosario Central,3,0,1,2,5,5,0,1,16
CD Godoy Cruz,3,0,1,2,4,4,0,1,17
CA Banfield,3,0,1,2,3,3,0,1,18
Arsenal Sarandi,3,0,1,2,3,3,0,1,19
Union de Santa Fe,3,0,1,2,2,4,-2,1,20
Velez Sarsfield,3,0,1,2,1,3,-2,1,21
Sarmiento de Junin,3,0,1,2,1,4,-3,1,22
Central Cordoba,3,0,1,2,2,7,-5,1,23
Defensa y Justicia,3,0,1,2,1,7,-6,1,24
CA Lanus,3,0,0,3,1,2,-1,0,25
Estudiantes,3,0,0,3,5,7,-2,0,26
Aldosivi,3,0,0,3,2,4,-2,0,27
CA Colon,3,0,0,3,1,3,-2,0,28
River Plate,4,2,2,0,4,2,2,8,1
Atletico Tucuman,4,2,2,0,6,5,1,8,2
Racing Club,4,1,3,0,2,5,-3,6,3
San Lorenzo,4,1,3,0,0,5,-5,6,4
Huracan,4,0,4,0,8,3,5,4,5
GyE La Plata,4,0,4,0,5,0,5,4,6
Argentinos Juniors,4,0,4,0,4,0,4,4,7
Tigre,4,0,4,0,8,5,3,4,8
Barracas Central,4,0,4,0,7,4,3,4,9
Talleres Cordoba,4,0,4,0,7,6,1,4,10
Patronato,4,0,4,0,4,5,-1,4,11
Boca Juniors,4,0,4,0,3,5,-2,4,12
Newells Old Boys,4,0,4,0,1,5,-4,4,13
Independiente,4,0,2,2,7,5,2,2,14
CA Banfield,4,0,2,2,5,3,2,2,15
Platense,4,0,2,2,3,1,2,2,16
CD Godoy Cruz,4,0,2,2,6,5,1,2,17
Rosario Central,4,0,2,2,5,5,0,2,18
Arsenal Sarandi,4,0,2,2,3,4,-1,2,19
Union de Santa Fe,4,0,2,2,2,4,-2,2,20
Sarmiento de Junin,4,0,2,2,1,4,-3,2,21
Velez Sarsfield,4,0,2,2,1,4,-3,2,22
Central Cordoba,4,0,2,2,2,9,-7,2,23
Defensa y Justicia,4,0,2,2,1,8,-7,2,24
CA Colon,4,0,1,3,4,5,-1,1,25
Estudiantes,4,0,1,3,5,8,-3,1,26
CA Lanus,4,0,0,4,1,3,-2,0,27
Aldosivi,4,0,0,4,2,6,-4,0,28
Atletico Tucuman,5,2,3,0,9,6,3,9,1
River Plate,5,2,3,0,4,3,1,9,2
San Lorenzo,5,2,3,0,1,6,-5,9,3
Patronato,5,1,4,0,7,5,2,7,4
Racing Club,5,1,4,0,4,5,-1,7,5
Huracan,5,0,5,0,11,4,7,5,6
GyE La Plata,5,0,5,0,6,0,6,5,7
Argentinos Juniors,5,0,5,0,4,0,4,5,8
Barracas Central,5,0,5,0,7,5,2,5,9
Tigre,5,0,5,0,8,7,1,5,10
Talleres Cordoba,5,0,5,0,7,7,0,5,11
Boca Juniors,5,0,5,0,3,5,-2,5,12
Newells Old Boys,5,0,5,0,1,6,-5,5,13
Platense,5,0,3,2,3,2,1,3,14
CA Banfield,5,0,3,2,5,5,0,3,15
Independiente,5,0,3,2,7,8,-1,3,16
Arsenal Sarandi,5,0,3,2,3,7,-4,3,17
Defensa y Justicia,5,0,3,2,1,9,-8,3,18
CD Godoy Cruz,5,0,2,3,6,6,0,2,19
Rosario Central,5,0,2,3,5,6,-1,2,20
Union de Santa Fe,5,0,2,3,3,5,-2,2,21
Velez Sarsfield,5,0,2,3,2,5,-3,2,22
Central Cordoba,5,0,2,3,4,9,-5,2,23
Sarmiento de Junin,5,0,2,3,1,6,-5,2,24
Estudiantes,5,0,1,4,6,10,-4,1,25
CA Colon,5,0,1,4,4,8,-4,1,26
CA Lanus,5,0,0,5,3,4,-1,0,27
Aldosivi,5,0,0,5,3,7,-4,0,28
Atletico Tucuman,6,3,3,0,9,7,2,12,1
River Plate,6,2,4,0,6,3,3,10,2
San Lorenzo,6,2,4,0,1,7,-6,10,3
Patronato,6,1,5,0,7,7,0,8,4
Racing Club,6,1,5,0,5,5,0,8,5
Huracan,6,0,6,0,12,4,8,6,6
GyE La Plata,6,0,6,0,6,0,6,6,7
Argentinos Juniors,6,0,6,0,6,1,5,6,8
Tigre,6,0,6,0,9,8,1,6,9
Talleres Cordoba,6,0,6,0,8,7,1,6,10
Boca Juniors,6,0,6,0,4,6,-2,6,11
Newells Old Boys,6,0,6,0,3,8,-5,6,12
Barracas Central,6,0,5,1,8,6,2,5,13
Platense,6,0,4,2,5,3,2,4,14
Independiente,6,0,4,2,7,9,-2,4,15
CA Banfield,6,0,4,2,6,8,-2,4,16
Arsenal Sarandi,6,0,4,2,4,7,-3,4,17
Defensa y Justicia,6,0,4,2,1,10,-9,4,18
CD Godoy Cruz,6,0,3,3,6,7,-1,3,19
Rosario Central,6,0,3,3,5,6,-1,3,20
Union de Santa Fe,6,0,3,3,3,5,-2,3,21
Velez Sarsfield,6,0,3,3,2,6,-4,3,22
Sarmiento de Junin,6,0,3,3,1,6,-5,3,23
Central Cordoba,6,0,3,3,4,10,-6,3,24
CA Colon,6,0,1,5,6,9,-3,1,25
Estudiantes,6,0,1,5,8,12,-4,1,26
Aldosivi,6,0,0,6,6,7,-1,0,27
CA Lanus,6,0,0,6,3,4,-1,0,28
Atletico Tucuman,7,3,4,0,10,8,2,13,1
San Lorenzo,7,3,4,0,1,7,-6,13,2
River Plate,7,2,5,0,6,3,3,11,3
Racing Club,7,2,5,0,6,6,0,11,4
Patronato,7,1,6,0,9,7,2,9,5
Huracan,7,0,7,0,12,5,7,7,6
GyE La Plata,7,0,7,0,6,0,6,7,7
Barracas Central,7,0,6,1,10,7,3,6,8
Talleres Cordoba,7,0,6,1,9,9,0,6,9
Argentinos Juniors,7,0,6,1,6,6,0,6,10
Tigre,7,0,6,1,9,10,-1,6,11
Boca Juniors,7,0,6,1,6,9,-3,6,12
Newells Old Boys,7,0,6,1,3,8,-5,6,13
Platense,7,0,5,2,6,3,3,5,14
CA Banfield,7,0,5,2,6,8,-2,5,15
Independiente,7,0,4,3,8,11,-3,4,16
Arsenal Sarandi,7,0,4,3,4,12,-8,4,17
Defensa y Justicia,7,0,4,3,2,10,-8,4,18
CD Godoy Cruz,7,0,3,4,6,9,-3,3,19
Rosario Central,7,0,3,4,5,8,-3,3,20
Union de Santa Fe,7,0,3,4,3,7,-4,3,21
Velez Sarsfield,7,0,3,4,3,7,-4,3,22
Sarmiento de Junin,7,0,3,4,1,6,-5,3,23
Central Cordoba,7,0,3,4,6,13,-7,3,24
CA Colon,7,0,1,6,8,9,-1,1,25
Estudiantes,7,0,1,6,8,14,-6,1,26
CA Lanus,7,0,0,7,6,5,1,0,27
Aldosivi,7,0,0,7,7,9,-2,0,28
Atletico Tucuman,8,3,5,0,12,11,1,14,1
San Lorenzo,8,3,5,0,2,7,-5,14,2
River Plate,8,2,6,0,8,3,5,12,3
Patronato,8,2,6,0,9,7,2,12,4
Racing Club,8,2,6,0,6,7,-1,12,5
Talleres Cordoba,8,1,6,1,11,10,1,9,6
Huracan,8,0,8,0,14,5,9,8,7
GyE La Plata,8,0,8,0,6,1,5,8,8
Barracas Central,8,0,7,1,11,7,4,7,9
Argentinos Juniors,8,0,7,1,7,6,1,7,10
Tigre,8,0,7,1,9,11,-2,7,11
Boca Juniors,8,0,7,1,7,10,-3,7,12
Newells Old Boys,8,0,7,1,5,9,-4,7,13
Platense,8,0,6,2,7,3,4,6,14
CA Banfield,8,0,6,2,7,9,-2,6,15
Independiente,8,0,5,3,8,11,-3,5,16
Arsenal Sarandi,8,0,5,3,4,12,-8,5,17
Defensa y Justicia,8,0,5,3,2,11,-9,5,18
CD Godoy Cruz,8,0,4,4,8,10,-2,4,19
Velez Sarsfield,8,0,4,4,5,7,-2,4,20
Rosario Central,8,0,4,4,5,10,-5,4,21
Sarmiento de Junin,8,0,4,4,1,6,-5,4,22
Central Cordoba,8,0,4,4,6,14,-8,4,23
Union de Santa Fe,8,0,3,5,4,9,-5,3,24
CA Colon,8,0,1,7,8,11,-3,1,25
Estudiantes,8,0,1,7,8,17,-9,1,26
CA Lanus,8,0,0,8,7,7,0,0,27
Aldosivi,8,0,0,8,7,12,-5,0,28
Atletico Tucuman,9,4,5,0,15,12,3,17,1
River Plate,9,3,6,0,10,3,7,15,2
San Lorenzo,9,3,6,0,4,8,-4,15,3
Patronato,9,2,7,0,10,7,3,13,4
Racing Club,9,2,7,0,7,8,-1,13,5
Huracan,9,1,8,0,14,7,7,11,6
Barracas Central,9,1,7,1,16,8,8,10,7
Talleres Cordoba,9,1,7,1,11,10,1,10,8
GyE La Plata,9,0,9,0,6,3,3,9,9
Argentinos Juniors,9,0,8,1,7,7,0,8,10
Newells Old Boys,9,0,8,1,7,9,-2,8,11
Tigre,9,0,8,1,11,14,-3,8,12
Boca Juniors,9,0,8,1,7,11,-4,8,13
Platense,9,0,7,2,7,3,4,7,14
CA Banfield,9,0,7,2,9,9,0,7,15
Independiente,9,0,6,3,8,13,-5,6,16
Arsenal Sarandi,9,0,6,3,5,13,-8,6,17
Defensa y Justicia,9,0,6,3,4,12,-8,6,18
Velez Sarsfield,9,0,5,4,7,7,0,5,19
CD Godoy Cruz,9,0,5,4,10,12,-2,5,20
Central Cordoba,9,0,5,4,8,14,-6,5,21
Rosario Central,9,0,5,4,5,13,-8,5,22
Sarmiento de Junin,9,0,5,4,1,10,-9,5,23
Union de Santa Fe,9,0,4,5,4,9,-5,4,24
CA Colon,9,0,1,8,10,12,-2,1,25
Estudiantes,9,0,1,8,9,17,-8,1,26
CA Lanus,9,0,0,9,8,9,-1,0,27
Aldosivi,9,0,0,9,7,13,-6,0,28
Atletico Tucuman,10,5,5,0,16,15,1,20,1
River Plate,10,4,6,0,13,5,8,18,2
San Lorenzo,10,4,6,0,4,9,-5,18,3
Racing Club,10,3,7,0,9,10,-1,16,4
Huracan,10,2,8,0,15,8,7,14,5
Patronato,10,2,8,0,10,9,1,14,6
Barracas Central,10,1,8,1,18,9,9,11,7
Talleres Cordoba,10,1,8,1,13,11,2,11,8
Tigre,10,1,8,1,12,16,-4,11,9
GyE La Plata,10,0,10,0,7,3,4,10,10
Newells Old Boys,10,0,9,1,9,10,-1,9,11
Argentinos Juniors,10,0,9,1,8,9,-1,9,12
Boca Juniors,10,0,9,1,10,14,-4,9,13
Platense,10,0,8,2,7,4,3,8,14
CA Banfield,10,0,8,2,9,11,-2,8,15
Independiente,10,0,7,3,10,13,-3,7,16
Arsenal Sarandi,10,0,7,3,5,13,-8,7,17
Defensa y Justicia,10,0,7,3,4,13,-9,7,18
Velez Sarsfield,10,0,6,4,8,9,-1,6,19
CD Godoy Cruz,10,0,6,4,10,12,-2,6,20
Sarmiento de Junin,10,0,6,4,5,10,-5,6,21
Rosario Central,10,0,6,4,8,14,-6,6,22
Central Cordoba,10,0,6,4,8,15,-7,6,23
Union de Santa Fe,10,0,5,5,5,9,-4,5,24
CA Colon,10,0,2,8,10,14,-4,2,25
Estudiantes,10,0,2,8,11,19,-8,2,26
CA Lanus,10,0,0,10,10,10,0,0,27
Aldosivi,10,0,0,10,7,14,-7,0,28
Atletico Tucuman,11,5,6,0,17,15,2,21,1
San Lorenzo,11,5,6,0,5,10,-5,21,2
River Plate,11,4,7,0,14,7,7,19,3
Racing Club,11,4,7,0,9,11,-2,19,4
Huracan,11,2,9,0,16,9,7,15,5
Patronato,11,2,9,0,11,9,2,15,6
Barracas Central,11,1,9,1,22,10,12,12,7
Talleres Cordoba,11,1,9,1,13,13,0,12,8
Tigre,11,1,9,1,12,17,-5,12,9
Boca Juniors,11,1,9,1,11,16,-5,12,10
GyE La Plata,11,0,11,0,8,3,5,11,11
Argentinos Juniors,11,0,10,1,10,9,1,10,12
Newells Old Boys,11,0,10,1,9,11,-2,10,13
Platense,11,0,9,2,7,5,2,9,14
CA Banfield,11,0,9,2,9,11,-2,9,15
Defensa y Justicia,11,0,8,3,4,13,-9,8,16
Independiente,11,0,7,4,10,14,-4,7,17
Arsenal Sarandi,11,0,7,4,5,13,-8,7,18
Union de Santa Fe,11,0,6,5,9,9,0,6,19
Velez Sarsfield,11,0,6,5,9,9,0,6,20
CD Godoy Cruz,11,0,6,5,10,14,-4,6,21
Rosario Central,11,0,6,5,8,14,-6,6,22
Sarmiento de Junin,11,0,6,5,5,12,-7,6,23
Central Cordoba,11,0,6,5,8,17,-9,6,24
Estudiantes,11,0,3,8,14,21,-7,3,25
CA Colon,11,0,2,9,12,15,-3,2,26
CA Lanus,11,0,0,11,10,13,-3,0,27
Aldosivi,11,0,0,11,8,15,-7,0,28
Atletico Tucuman,12,6,6,0,18,15,3,24,1
Racing Club,12,5,7,0,10,11,-1,22,2
San Lorenzo,12,5,7,0,7,11,-4,22,3
River Plate,12,4,8,0,16,8,8,20,4
Patronato,12,3,9,0,12,10,2,18,5
Huracan,12,2,10,0,17,12,5,16,6
Barracas Central,12,1,10,1,24,13,11,13,7
Talleres Cordoba,12,1,10,1,13,14,-1,13,8
Boca Juniors,12,1,10,1,12,17,-5,13,9
Tigre,12,1,10,1,12,18,-6,13,10
GyE La Plata,12,0,12,0,8,4,4,12,11
Defensa y Justicia,12,1,8,3,5,15,-10,11,12
Newells Old Boys,12,0,11,1,11,11,0,11,13
Argentinos Juniors,12,0,11,1,10,11,-1,11,14
Platense,12,0,10,2,7,6,1,10,15
CA Banfield,12,0,10,2,10,11,-1,10,16
Independiente,12,0,8,4,12,15,-3,8,17
Arsenal Sarandi,12,0,8,4,6,13,-7,8,18
Union de Santa Fe,12,0,7,5,14,10,4,7,19
Velez Sarsfield,12,0,7,5,9,11,-2,7,20
CD Godoy Cruz,12,0,7,5,11,14,-3,7,21
Central Cordoba,12,0,7,5,10,17,-7,7,22
Rosario Central,12,0,7,5,8,15,-7,7,23
Sarmiento de Junin,12,0,7,5,5,13,-8,7,24
Estudiantes,12,0,4,8,14,23,-9,4,25
CA Colon,12,0,2,10,12,16,-4,2,26
CA Lanus,12,0,0,12,11,17,-6,0,27
Aldosivi,12,0,0,12,9,18,-9,0,28
Atletico Tucuman,13,7,6,0,19,17,2,27,1
Racing Club,13,6,7,0,12,12,0,25,2
San Lorenzo,13,6,7,0,9,11,-2,25,3
River Plate,13,5,8,0,18,10,8,23,4
Patronato,13,4,9,0,14,11,3,21,5
Huracan,13,2,11,0,18,12,6,17,6
Barracas Central,13,1,11,1,24,14,10,14,7
Talleres Cordoba,13,1,11,1,16,14,2,14,8
Boca Juniors,13,1,11,1,12,17,-5,14,9
Tigre,13,1,11,1,13,20,-7,14,10
GyE La Plata,13,0,13,0,9,4,5,13,11
Defensa y Justicia,13,1,9,3,7,16,-9,12,12
Newells Old Boys,13,0,12,1,12,11,1,12,13
Argentinos Juniors,13,0,12,1,11,11,0,12,14
Platense,13,0,11,2,7,6,1,11,15
CA Banfield,13,0,11,2,10,12,-2,11,16
Independiente,13,0,9,4,13,15,-2,9,17
Arsenal Sarandi,13,0,9,4,6,13,-7,9,18
Union de Santa Fe,13,0,8,5,15,10,5,8,19
Velez Sarsfield,13,0,8,5,12,11,1,8,20
CD Godoy Cruz,13,0,8,5,11,14,-3,8,21
Rosario Central,13,0,8,5,9,15,-6,8,22
Central Cordoba,13,0,8,5,10,17,-7,8,23
Sarmiento de Junin,13,0,8,5,6,14,-8,8,24
Estudiantes,13,0,5,8,16,24,-8,5,25
CA Colon,13,0,3,10,13,19,-6,3,26
CA Lanus,13,0,0,13,11,18,-7,0,27
Aldosivi,13,0,0,13,10,20,-10,0,28
Racing Club,14,7,7,0,14,12,2,28,1
Atletico Tucuman,14,7,7,0,19,19,0,28,2
San Lorenzo,14,7,7,0,11,11,0,28,3
River Plate,14,5,9,0,18,10,8,24,4
Patronato,14,4,10,0,14,11,3,22,5
Huracan,14,2,12,0,21,12,9,18,6
Boca Juniors,14,2,11,1,12,18,-6,17,7
Barracas Central,14,1,12,1,25,14,11,15,8
Talleres Cordoba,14,1,12,1,18,16,2,15,9
Argentinos Juniors,14,1,12,1,12,14,-2,15,10
Tigre,14,1,12,1,14,23,-9,15,11
Platense,14,1,11,2,9,8,1,14,12
GyE La Plata,14,0,14,0,11,6,5,14,13
Defensa y Justicia,14,1,10,3,9,16,-7,13,14
Newells Old Boys,14,0,13,1,13,11,2,13,15
CA Banfield,14,0,12,2,11,12,-1,12,16
Union de Santa Fe,14,0,9,5,17,11,6,9,17
Independiente,14,0,9,5,15,19,-4,9,18
Rosario Central,14,0,9,5,11,15,-4,9,19
Arsenal Sarandi,14,0,9,5,6,14,-8,9,20
Velez Sarsfield,14,0,8,6,13,12,1,8,21
CD Godoy Cruz,14,0,8,6,12,14,-2,8,22
Central Cordoba,14,0,8,6,11,18,-7,8,23
Sarmiento de Junin,14,0,8,6,9,17,-8,8,24
Estudiantes,14,0,6,8,17,25,-8,6,25
CA Colon,14,0,3,11,13,20,-7,3,26
CA Lanus,14,0,0,14,11,19,-8,0,27
Aldosivi,14,0,0,14,10,22,-12,0,28
Racing Club,15,8,7,0,16,12,4,31,1
Atletico Tucuman,15,7,8,0,22,19,3,29,2
San Lorenzo,15,7,8,0,11,12,-1,29,3
River Plate,15,5,10,0,21,10,11,25,4
Patronato,15,4,11,0,15,11,4,23,5
Huracan,15,2,13,0,21,12,9,19,6
Talleres Cordoba,15,2,12,1,20,17,3,18,7
Boca Juniors,15,2,12,1,13,18,-5,18,8
Barracas Central,15,1,13,1,25,15,10,16,9
Newells Old Boys,15,1,13,1,15,11,4,16,10
Argentinos Juniors,15,1,13,1,12,14,-2,16,11
Tigre,15,1,13,1,16,24,-8,16,12
Platense,15,1,12,2,10,9,1,15,13
GyE La Plata,15,0,15,0,11,6,5,15,14
Defensa y Justicia,15,1,11,3,10,18,-8,14,15
CA Banfield,15,0,13,2,11,12,-1,13,16
Rosario Central,15,0,10,5,12,16,-4,10,17
Independiente,15,0,10,5,15,21,-6,10,18
Arsenal Sarandi,15,0,10,5,6,15,-9,10,19
Union de Santa Fe,15,0,9,6,19,12,7,9,20
Velez Sarsfield,15,0,9,6,13,15,-2,9,21
CD Godoy Cruz,15,0,9,6,12,15,-3,9,22
Central Cordoba,15,0,8,7,12,19,-7,8,23
Sarmiento de Junin,15,0,8,7,11,18,-7,8,24
Estudiantes,15,0,7,8,18,27,-9,7,25
CA Colon,15,0,3,12,14,21,-7,3,26
CA Lanus,15,0,0,15,12,20,-8,0,27
Aldosivi,15,0,0,15,10,26,-16,0,28
Racing Club,16,9,7,0,19,14,5,34,1
Atletico Tucuman,16,7,9,0,22,20,2,30,2
San Lorenzo,16,7,9,0,12,12,0,30,3
River Plate,16,5,11,0,22,11,11,26,4
Patronato,16,5,11,0,16,11,5,26,5
Talleres Cordoba,16,3,12,1,23,17,6,21,6
Huracan,16,2,14,0,24,13,11,20,7
Barracas Central,16,2,13,1,28,16,12,19,8
Boca Juniors,16,2,13,1,14,20,-6,19,9
GyE La Plata,16,1,15,0,11,6,5,18,10
Newells Old Boys,16,1,14,1,16,11,5,17,11
Argentinos Juniors,16,1,14,1,12,15,-3,17,12
Tigre,16,1,14,1,19,25,-6,17,13
Platense,16,1,13,2,11,9,2,16,14
Defensa y Justicia,16,1,12,3,10,20,-10,15,15
CA Banfield,16,0,14,2,11,12,-1,14,16
Rosario Central,16,0,11,5,14,18,-4,11,17
Union de Santa Fe,16,0,10,6,20,14,6,10,18
Independiente,16,0,10,6,16,21,-5,10,19
Arsenal Sarandi,16,0,10,6,7,16,-9,10,20
Velez Sarsfield,16,0,9,7,13,18,-5,9,21
CD Godoy Cruz,16,0,9,7,12,17,-5,9,22
Sarmiento de Junin,16,0,8,8,11,19,-8,8,23
Central Cordoba,16,0,8,8,13,23,-10,8,24
Estudiantes,16,0,7,9,19,28,-9,7,25
CA Colon,16,0,3,13,14,22,-8,3,26
CA Lanus,16,0,0,16,13,22,-9,0,27
Aldosivi,16,0,0,16,10,28,-18,0,28
Racing Club,17,10,7,0,19,15,4,37,1
Atletico Tucuman,17,8,9,0,22,20,2,33,2
San Lorenzo,17,7,10,0,12,14,-2,31,3
River Plate,17,6,11,0,25,13,12,29,4
Patronato,17,5,12,0,16,11,5,27,5
Huracan,17,3,14,0,26,14,12,23,6
Barracas Central,17,3,13,1,28,16,12,22,7
Talleres Cordoba,17,3,13,1,24,18,6,22,8
Tigre,17,2,14,1,21,25,-4,20,9
Argentinos Juniors,17,2,14,1,13,17,-4,20,10
Boca Juniors,17,2,14,1,15,22,-7,20,11
GyE La Plata,17,1,16,0,12,6,6,19,12
Newells Old Boys,17,1,15,1,17,13,4,18,13
Platense,17,1,14,2,11,9,2,17,14
Defensa y Justicia,17,1,13,3,10,20,-10,16,15
CA Banfield,17,0,15,2,11,13,-2,15,16
Union de Santa Fe,17,1,10,6,20,15,5,13,17
Independiente,17,1,10,6,18,21,-3,13,18
Arsenal Sarandi,17,1,10,6,9,17,-8,13,19
CD Godoy Cruz,17,1,9,7,15,17,-2,12,20
Velez Sarsfield,17,1,9,7,13,18,-5,12,21
Rosario Central,17,0,12,5,15,18,-3,12,22
Central Cordoba,17,1,8,8,19,23,-4,11,23
Sarmiento de Junin,17,1,8,8,13,20,-7,11,24
Estudiantes,17,0,8,9,19,28,-9,8,25
CA Colon,17,0,4,13,14,23,-9,4,26
CA Lanus,17,0,1,16,15,23,-8,1,27
Aldosivi,17,0,0,17,12,29,-17,0,28
Racing Club,18,11,7,0,21,15,6,40,1
Atletico Tucuman,18,9,9,0,24,20,4,36,2
San Lorenzo,18,8,10,0,13,15,-2,34,3
River Plate,18,7,11,0,29,13,16,32,4
Patronato,18,5,13,0,17,11,6,28,5
Huracan,18,4,14,0,27,15,12,26,6
Barracas Central,18,3,14,1,29,19,10,23,7
Talleres Cordoba,18,3,14,1,25,18,7,23,8
Tigre,18,3,14,1,23,28,-5,23,9
Newells Old Boys,18,2,15,1,18,14,4,21,10
Argentinos Juniors,18,2,15,1,13,17,-4,21,11
Boca Juniors,18,2,15,1,17,22,-5,21,12
GyE La Plata,18,1,17,0,13,6,7,20,13
Platense,18,1,15,2,12,11,1,18,14
Defensa y Justicia,18,1,14,3,11,22,-11,17,15
CA Banfield,18,0,16,2,11,14,-3,16,16
Union de Santa Fe,18,1,11,6,21,15,6,14,17
Independiente,18,1,11,6,18,21,-3,14,18
Arsenal Sarandi,18,1,11,6,10,17,-7,14,19
CD Godoy Cruz,18,1,10,7,17,19,-2,13,20
Velez Sarsfield,18,1,10,7,15,19,-4,13,21
Rosario Central,18,0,13,5,16,19,-3,13,22
Central Cordoba,18,1,9,8,22,25,-3,12,23
Sarmiento de Junin,18,1,9,8,16,21,-5,12,24
Estudiantes,18,0,9,9,21,28,-7,9,25
CA Colon,18,0,5,13,14,25,-11,5,26
CA Lanus,18,0,2,16,16,24,-8,2,27
Aldosivi,18,0,0,18,12,31,-19,0,28
Racing Club,19,12,7,0,26,15,11,43,1
Atletico Tucuman,19,9,10,0,24,23,1,37,2
San Lorenzo,19,9,10,0,13,16,-3,37,3
River Plate,19,7,12,0,30,13,17,33,4
Huracan,19,5,14,0,28,17,11,29,5
Patronato,19,5,14,0,17,12,5,29,6
Barracas Central,19,3,15,1,31,21,10,24,7
Talleres Cordoba,19,3,15,1,27,18,9,24,8
Boca Juniors,19,3,15,1,18,23,-5,24,9
Argentinos Juniors,19,3,15,1,13,18,-5,24,10
Tigre,19,3,14,2,24,29,-5,23,11
GyE La Plata,19,2,17,0,14,6,8,23,12
Newells Old Boys,19,2,16,1,18,15,3,22,13
Platense,19,1,16,2,14,13,1,19,14
CA Banfield,19,1,16,2,13,14,-1,19,15
Defensa y Justicia,19,1,15,3,13,22,-9,18,16
Union de Santa Fe,19,1,12,6,22,17,5,15,17
Independiente,19,1,11,7,18,21,-3,14,18
Arsenal Sarandi,19,1,11,7,10,18,-8,14,19
Rosario Central,19,0,14,5,16,21,-5,14,20
CD Godoy Cruz,19,1,10,8,17,20,-3,13,21
Velez Sarsfield,19,1,10,8,15,20,-5,13,22
Central Cordoba,19,1,9,9,24,26,-2,12,23
Sarmiento de Junin,19,1,9,9,17,22,-5,12,24
Estudiantes,19,0,10,9,24,31,-7,10,25
CA Colon,19,0,5,14,14,25,-11,5,26
CA Lanus,19,0,2,17,17,26,-9,2,27
Aldosivi,19,0,0,19,12,34,-22,0,28
Racing Club,20,13,7,0,26,15,11,46,1
Atletico Tucuman,20,10,10,0,26,26,0,40,2
San Lorenzo,20,9,11,0,14,17,-3,38,3
River Plate,20,7,13,0,32,14,18,34,4
Patronato,20,6,14,0,18,13,5,32,5
Huracan,20,5,15,0,29,18,11,30,6
Boca Juniors,20,4,15,1,23,25,-2,27,7
Barracas Central,20,3,16,1,32,22,10,25,8
Talleres Cordoba,20,3,16,1,27,19,8,25,9
Argentinos Juniors,20,3,16,1,14,19,-5,25,10
Tigre,20,3,15,2,26,32,-6,24,11
GyE La Plata,20,2,18,0,14,7,7,24,12
Newells Old Boys,20,2,17,1,18,15,3,23,13
CA Banfield,20,2,16,2,14,14,0,22,14
Defensa y Justicia,20,2,15,3,13,22,-9,21,15
Platense,20,1,17,2,14,13,1,20,16
Independiente,20,2,11,7,19,21,-2,17,17
Union de Santa Fe,20,1,13,6,25,17,8,16,18
Arsenal Sarandi,20,1,12,7,10,21,-11,15,19
Rosario Central,20,0,15,5,16,23,-7,15,20
CD Godoy Cruz,20,1,11,8,17,20,-3,14,21
Velez Sarsfield,20,1,11,8,16,21,-5,14,22
Central Cordoba,20,1,10,9,24,27,-3,13,23
Sarmiento de Junin,20,1,10,9,19,23,-4,13,24
Estudiantes,20,0,11,9,25,31,-6,11,25
CA Colon,20,0,5,15,15,25,-10,5,26
CA Lanus,20,0,2,18,17,27,-10,2,27
Aldosivi,20,0,1,19,14,34,-20,1,28
Racing Club,21,13,8,0,26,15,11,47,1
Atletico Tucuman,21,11,10,0,28,27,1,43,2
San Lorenzo,21,10,11,0,15,18,-3,41,3
River Plate,21,7,14,0,34,17,17,35,4
Patronato,21,7,14,0,19,15,4,35,5
Huracan,21,5,16,0,29,18,11,31,6
Boca Juniors,21,4,16,1,23,25,-2,28,7
Barracas Central,21,3,17,1,33,25,8,26,8
Talleres Cordoba,21,3,17,1,28,21,7,26,9
Argentinos Juniors,21,3,17,1,17,19,-2,26,10
Tigre,21,3,16,2,27,34,-7,25,11
GyE La Plata,21,2,19,0,15,7,8,25,12
Defensa y Justicia,21,3,15,3,15,24,-9,24,13
Newells Old Boys,21,2,18,1,18,17,1,24,14
CA Banfield,21,2,17,2,15,15,0,23,15
Platense,21,2,17,2,14,16,-2,23,16
Independiente,21,2,12,7,20,22,-2,18,17
Arsenal Sarandi,21,2,12,7,11,23,-12,18,18
Union de Santa Fe,21,1,14,6,26,17,9,17,19
Rosario Central,21,0,16,5,17,24,-7,16,20
CD Godoy Cruz,21,1,12,8,17,22,-5,15,21
Velez Sarsfield,21,1,12,8,17,22,-5,15,22
Central Cordoba,21,1,11,9,25,29,-4,14,23
Sarmiento de Junin,21,1,11,9,19,24,-5,14,24
Estudiantes,21,0,12,9,26,34,-8,12,25
CA Colon,21,0,5,16,15,26,-11,5,26
CA Lanus,21,0,3,18,18,27,-9,3,27
Aldosivi,21,0,1,20,14,36,-22,1,28
Racing Club,22,14,8,0,28,16,12,50,1
Atletico Tucuman,22,11,11,0,30,29,1,44,2
San Lorenzo,22,11,11,0,15,19,-4,44,3
River Plate,22,7,15,0,36,19,17,36,4
Patronato,22,7,15,0,20,18,2,36,5
Huracan,22,6,16,0,29,19,10,34,6
Boca Juniors,22,5,16,1,23,25,-2,31,7
Argentinos Juniors,22,4,17,1,18,19,-1,29,8
Tigre,22,4,16,2,28,34,-6,28,9
Barracas Central,22,3,18,1,35,26,9,27,10
Talleres Cordoba,22,3,18,1,29,21,8,27,11
Platense,22,3,17,2,14,16,-2,26,12
GyE La Plata,22,2,20,0,17,10,7,26,13
Defensa y Justicia,22,3,16,3,15,25,-10,25,14
Newells Old Boys,22,2,19,1,19,17,2,25,15
CA Banfield,22,2,18,2,15,16,-1,24,16
Independiente,22,2,13,7,22,22,0,19,17
Arsenal Sarandi,22,2,13,7,11,23,-12,19,18
Union de Santa Fe,22,1,15,6,26,19,7,18,19
Rosario Central,22,0,17,5,18,25,-7,17,20
Velez Sarsfield,22,1,12,9,19,23,-4,15,21
CD Godoy Cruz,22,1,12,9,18,23,-5,15,22
Central Cordoba,22,1,11,10,27,29,-2,14,23
Sarmiento de Junin,22,1,11,10,20,28,-8,14,24
Estudiantes,22,0,13,9,28,35,-7,13,25
CA Colon,22,0,5,17,15,27,-12,5,26
CA Lanus,22,0,4,18,18,28,-10,4,27
Aldosivi,22,0,1,21,14,37,-23,1,28
Racing Club,23,15,8,0,29,19,10,53,1
Atletico Tucuman,23,12,11,0,31,29,2,47,2
San Lorenzo,23,11,12,0,17,21,-4,45,3
River Plate,23,8,15,0,38,19,19,39,4
Huracan,23,7,16,0,30,19,11,37,5
Patronato,23,7,16,0,23,18,5,37,6
Argentinos Juniors,23,5,17,1,19,20,-1,32,7
Boca Juniors,23,5,17,1,23,27,-4,32,8
Talleres Cordoba,23,4,18,1,32,21,11,30,9
Tigre,23,4,17,2,29,34,-5,29,10
Newells Old Boys,23,3,19,1,20,19,1,28,11
Barracas Central,23,3,18,2,35,28,7,27,12
Platense,23,3,18,2,14,17,-3,27,13
GyE La Plata,23,2,21,0,21,11,10,27,14
Defensa y Justicia,23,3,17,3,16,25,-9,26,15
CA Banfield,23,2,19,2,16,16,0,25,16
Independiente,23,3,13,7,22,22,0,22,17
Arsenal Sarandi,23,2,14,7,13,26,-13,20,18
Union de Santa Fe,23,1,16,6,28,19,9,19,19
Rosario Central,23,0,18,5,19,28,-9,18,20
Velez Sarsfield,23,1,13,9,20,23,-3,16,21
CD Godoy Cruz,23,1,13,9,18,24,-6,16,22
Central Cordoba,23,1,12,10,28,31,-3,15,23
Sarmiento de Junin,23,1,12,10,20,29,-9,15,24
Estudiantes,23,0,14,9,29,37,-8,14,25
CA Lanus,23,0,5,18,21,30,-9,5,26
CA Colon,23,0,5,18,16,28,-12,5,27
Aldosivi,23,0,1,22,14,39,-25,1,28
Racing Club,24,15,9,0,30,19,11,54,1
Atletico Tucuman,24,12,12,0,31,29,2,48,2
San Lorenzo,24,12,12,0,18,21,-3,48,3
River Plate,24,9,15,0,40,21,19,42,4
Huracan,24,8,16,0,33,20,13,40,5
Patronato,24,7,17,0,26,18,8,38,6
Talleres Cordoba,24,5,18,1,34,22,12,33,7
Boca Juniors,24,5,18,1,24,27,-3,33,8
Argentinos Juniors,24,5,18,1,20,23,-3,33,9
Newells Old Boys,24,4,19,1,20,20,0,31,10
Barracas Central,24,4,18,2,36,29,7,30,11
Tigre,24,4,18,2,29,34,-5,30,12
GyE La Plata,24,3,21,0,22,12,10,30,13
Platense,24,3,19,2,15,17,-2,28,14
Defensa y Justicia,24,3,18,3,18,25,-7,27,15
CA Banfield,24,2,20,2,16,17,-1,26,16
Independiente,24,3,14,7,24,23,1,23,17
Union de Santa Fe,24,2,16,6,29,19,10,22,18
Arsenal Sarandi,24,2,15,7,13,26,-13,21,19
Rosario Central,24,0,19,5,20,29,-9,19,20
Velez Sarsfield,24,1,13,10,22,26,-4,16,21
CD Godoy Cruz,24,1,13,10,18,25,-7,16,22
Sarmiento de Junin,24,1,13,10,20,30,-10,16,23
Central Cordoba,24,1,12,11,30,35,-5,15,24
Estudiantes,24,0,15,9,29,38,-9,15,25
CA Lanus,24,0,5,19,22,33,-11,5,26
CA Colon,24,0,5,19,16,28,-12,5,27
Aldosivi,24,0,1,23,14,41,-27,1,28
Racing Club,25,16,9,0,32,20,12,57,1
Atletico Tucuman,25,13,12,0,33,29,4,51,2
San Lorenzo,25,12,13,0,19,21,-2,49,3
River Plate,25,10,15,0,44,23,21,45,4
Huracan,25,8,17,0,35,20,15,41,5
Patronato,25,7,18,0,28,18,10,39,6
Argentinos Juniors,25,6,18,1,22,24,-2,36,7
Talleres Cordoba,25,5,19,1,34,24,10,34,8
Boca Juniors,25,5,19,1,24,28,-4,34,9
Tigre,25,5,18,2,30,35,-5,33,10
GyE La Plata,25,4,21,0,23,14,9,33,11
Newells Old Boys,25,4,20,1,21,21,0,32,12
Barracas Central,25,4,19,2,37,31,6,31,13
Platense,25,3,20,2,15,18,-3,29,14
Defensa y Justicia,25,3,19,3,18,27,-9,28,15
CA Banfield,25,2,21,2,16,17,-1,27,16
Union de Santa Fe,25,3,16,6,31,20,11,25,17
Independiente,25,3,15,7,24,23,1,24,18
Arsenal Sarandi,25,2,16,7,14,29,-15,22,19
Rosario Central,25,0,20,5,20,30,-10,20,20
Estudiantes,25,1,15,9,30,38,-8,18,21
Velez Sarsfield,25,1,14,10,23,27,-4,17,22
CD Godoy Cruz,25,1,14,10,18,27,-9,17,23
Sarmiento de Junin,25,1,14,10,21,31,-10,17,24
Central Cordoba,25,1,13,11,31,36,-5,16,25
CA Lanus,25,0,6,19,22,35,-13,6,26
CA Colon,25,0,6,19,16,30,-14,6,27
Aldosivi,25,0,1,24,16,43,-27,1,28
Racing Club,26,17,9,0,37,20,17,60,1
Atletico Tucuman,26,14,12,0,36,31,5,54,2
San Lorenzo,26,13,13,0,19,21,-2,52,3
River Plate,26,11,15,0,44,25,19,48,4
Huracan,26,9,17,0,38,20,18,44,5
Patronato,26,8,18,0,30,18,12,42,6
Argentinos Juniors,26,7,18,1,22,25,-3,39,7
Boca Juniors,26,6,19,1,25,29,-4,37,8
Tigre,26,6,18,2,31,35,-4,36,9
Talleres Cordoba,26,5,20,1,34,24,10,35,10
GyE La Plata,26,4,22,0,23,16,7,34,11
Newells Old Boys,26,4,21,1,23,22,1,33,12
Barracas Central,26,4,20,2,38,32,6,32,13
Platense,26,3,21,2,16,19,-3,30,14
Defensa y Justicia,26,3,20,3,19,27,-8,29,15
CA Banfield,26,2,21,3,17,19,-2,27,16
Union de Santa Fe,26,3,16,7,33,20,13,25,17
Independiente,26,3,16,7,25,25,0,25,18
Arsenal Sarandi,26,2,17,7,15,29,-14,23,19
Estudiantes,26,2,15,9,31,40,-9,21,20
Rosario Central,26,0,21,5,20,31,-11,21,21
Velez Sarsfield,26,1,15,10,25,27,-2,18,22
CD Godoy Cruz,26,1,15,10,20,27,-7,18,23
Sarmiento de Junin,26,1,15,10,23,33,-10,18,24
Central Cordoba,26,1,14,11,31,36,-5,17,25
CA Lanus,26,0,7,19,23,35,-12,7,26
CA Colon,26,0,7,19,18,30,-12,7,27
Aldosivi,26,0,1,25,17,44,-27,1,28
Racing Club,27,18,9,0,39,20,19,63,1
Atletico Tucuman,27,15,12,0,37,31,6,57,2
San Lorenzo,27,14,13,0,19,21,-2,55,3
River Plate,27,12,15,0,47,25,22,51,4
Huracan,27,10,17,0,39,21,18,47,5
Patronato,27,8,19,0,31,18,13,43,6
Boca Juniors,27,7,19,1,28,29,-1,40,7
Argentinos Juniors,27,7,19,1,22,26,-4,40,8
Tigre,27,7,18,2,35,37,-2,39,9
Talleres Cordoba,27,5,21,1,34,24,10,36,10
GyE La Plata,27,4,23,0,23,17,6,35,11
Newells Old Boys,27,4,22,1,24,23,1,34,12
Barracas Central,27,4,21,2,41,33,8,33,13
Defensa y Justicia,27,4,20,3,22,28,-6,32,14
Platense,27,3,22,2,16,19,-3,31,15
CA Banfield,27,2,22,3,19,22,-3,28,16
Union de Santa Fe,27,3,17,7,35,20,15,26,17
Independiente,27,3,17,7,25,26,-1,26,18
Arsenal Sarandi,27,2,18,7,15,35,-20,24,19
Rosario Central,27,0,22,5,20,32,-12,22,20
Estudiantes,27,2,15,10,32,41,-9,21,21
Velez Sarsfield,27,1,16,10,26,30,-4,19,22
CD Godoy Cruz,27,1,16,10,20,28,-8,19,23
Sarmiento de Junin,27,1,16,10,23,33,-10,19,24
Central Cordoba,27,1,15,11,35,36,-1,18,25
CA Colon,27,0,8,19,19,30,-11,8,26
CA Lanus,27,0,8,19,24,36,-12,8,27
Aldosivi,27,0,1,26,17,46,-29,1,28
Racing Club,28,19,9,0,39,20,19,66,1
Atletico Tucuman,28,16,12,0,41,32,9,60,2
San Lorenzo,28,15,13,0,20,21,-1,58,3
River Plate,28,13,15,0,48,26,22,54,4
Huracan,28,11,17,0,41,22,19,50,5
Patronato,28,9,19,0,34,18,16,46,6
Boca Juniors,28,7,20,1,29,30,-1,41,7
Argentinos Juniors,28,7,20,1,24,28,-4,41,8
Tigre,28,7,19,2,35,40,-5,40,9
GyE La Plata,28,5,23,0,23,17,6,38,10
Talleres Cordoba,28,5,22,1,35,24,11,37,11
Defensa y Justicia,28,5,20,3,26,29,-3,35,12
Newells Old Boys,28,4,23,1,27,23,4,35,13
Barracas Central,28,4,21,3,42,34,8,33,14
Platense,28,3,23,2,16,21,-5,32,15
Independiente,28,4,17,7,28,26,2,29,16
CA Banfield,28,2,23,3,20,24,-4,29,17
Union de Santa Fe,28,3,18,7,36,21,15,27,18
Arsenal Sarandi,28,2,19,7,17,35,-18,25,19
Rosario Central,28,1,22,5,22,33,-11,25,20
Estudiantes,28,2,16,10,32,43,-11,22,21
Central Cordoba,28,2,15,11,35,37,-2,21,22
Velez Sarsfield,28,1,17,10,26,31,-5,20,23
CD Godoy Cruz,28,1,17,10,22,28,-6,20,24
Sarmiento de Junin,28,1,17,10,25,33,-8,20,25
CA Colon,28,0,9,19,20,30,-10,9,26
CA Lanus,28,0,8,20,24,38,-14,8,27
Aldosivi,28,0,1,27,17,47,-30,1,28
Racing Club,29,19,10,0,39,20,19,67,1
Atletico Tucuman,29,16,13,0,41,32,9,61,2
San Lorenzo,29,16,13,0,20,21,-1,61,3
River Plate,29,14,15,0,49,26,23,57,4
Huracan,29,12,17,0,41,22,19,53,5
Patronato,29,10,19,0,35,18,17,49,6
Boca Juniors,29,8,20,1,30,30,0,44,7
Argentinos Juniors,29,8,20,1,26,28,-2,44,8
Tigre,29,8,19,2,38,41,-3,43,9
GyE La Plata,29,5,24,0,25,17,8,39,10
Talleres Cordoba,29,5,23,1,35,24,11,38,11
Defensa y Justicia,29,5,21,3,29,30,-1,36,12
Newells Old Boys,29,4,24,1,27,23,4,36,13
Platense,29,4,23,2,17,23,-6,35,14
Barracas Central,29,4,21,4,43,34,9,33,15
Independiente,29,5,17,7,31,29,2,32,16
CA Banfield,29,2,24,3,21,24,-3,30,17
Union de Santa Fe,29,3,19,7,39,23,16,28,18
Arsenal Sarandi,29,3,19,7,17,35,-18,28,19
Rosario Central,29,2,22,5,23,33,-10,28,20
Estudiantes,29,2,17,10,32,43,-11,23,21
Central Cordoba,29,2,16,11,35,39,-4,22,22
CD Godoy Cruz,29,1,18,10,23,28,-5,21,23
Sarmiento de Junin,29,1,18,10,27,33,-6,21,24
Velez Sarsfield,29,1,18,10,26,32,-6,21,25
CA Colon,29,0,10,19,22,32,-10,10,26
CA Lanus,29,0,9,20,26,39,-13,9,27
Aldosivi,29,0,1,28,17,47,-30,1,28
Racing Club,30,20,10,0,39,22,17,70,1
Atletico Tucuman,30,16,14,0,43,32,11,62,2
San Lorenzo,30,16,14,0,23,22,1,62,3
River Plate,30,15,15,0,50,27,23,60,4
Huracan,30,13,17,0,45,22,23,56,5
Patronato,30,11,19,0,36,19,17,52,6
Boca Juniors,30,9,20,1,30,30,0,47,7
Argentinos Juniors,30,9,20,1,27,28,-1,47,8
Tigre,30,9,19,2,40,41,-1,46,9
GyE La Plata,30,5,25,0,25,17,8,40,10
Talleres Cordoba,30,5,24,1,35,26,9,39,11
Newells Old Boys,30,5,24,1,31,23,8,39,12
Defensa y Justicia,30,5,22,3,30,32,-2,37,13
Platense,30,4,24,2,18,23,-5,36,14
Barracas Central,30,4,22,4,43,36,7,34,15
Independiente,30,5,18,7,32,29,3,33,16
Arsenal Sarandi,30,4,19,7,19,36,-17,31,17
CA Banfield,30,2,25,3,23,24,-1,31,18
Union de Santa Fe,30,3,20,7,43,23,20,29,19
Rosario Central,30,2,23,5,23,34,-11,29,20
Central Cordoba,30,2,17,11,35,39,-4,23,21
Estudiantes,30,2,17,11,34,44,-10,23,22
CD Godoy Cruz,30,1,19,10,25,28,-3,22,23
Sarmiento de Junin,30,1,19,10,27,33,-6,22,24
Velez Sarsfield,30,1,19,10,26,33,-7,22,25
CA Colon,30,0,11,19,22,32,-10,11,26
CA Lanus,30,0,10,20,28,40,-12,10,27
Aldosivi,30,0,1,29,17,48,-31,1,28
Racing Club,31,21,10,0,41,22,19,73,1
River Plate,31,16,15,0,53,29,24,63,2
Atletico Tucuman,31,16,15,0,45,32,13,63,3
San Lorenzo,31,16,15,0,23,24,-1,63,4
Huracan,31,14,17,0,48,22,26,59,5
Patronato,31,12,19,0,36,21,15,55,6
Tigre,31,10,19,2,43,41,2,49,7
Boca Juniors,31,9,21,1,31,30,1,48,8
Argentinos Juniors,31,9,21,1,27,31,-4,48,9
GyE La Plata,31,6,25,0,27,17,10,43,10
Talleres Cordoba,31,6,24,1,37,26,11,42,11
Newells Old Boys,31,6,24,1,32,24,8,42,12
Defensa y Justicia,31,5,23,3,30,33,-3,38,13
Platense,31,4,25,2,19,23,-4,37,14
Independiente,31,5,19,7,32,29,3,34,15
Barracas Central,31,4,22,5,43,39,4,34,16
Arsenal Sarandi,31,4,20,7,21,39,-18,32,17
CA Banfield,31,2,25,4,23,24,-1,31,18
Rosario Central,31,2,24,5,23,35,-12,30,19
Union de Santa Fe,31,3,20,8,43,25,18,29,20
Central Cordoba,31,2,18,11,37,40,-3,24,21
Estudiantes,31,2,18,11,34,48,-14,24,22
Sarmiento de Junin,31,1,20,10,29,33,-4,23,23
CD Godoy Cruz,31,1,20,10,25,30,-5,23,24
Velez Sarsfield,31,1,20,10,29,35,-6,23,25
CA Colon,31,0,11,20,23,34,-11,11,26
CA Lanus,31,0,10,21,28,40,-12,10,27
Aldosivi,31,0,1,30,18,49,-31,1,28
Racing Club,32,22,10,0,42,23,19,76,1
River Plate,32,17,15,0,54,30,24,66,2
Atletico Tucuman,32,16,16,0,45,33,12,64,3
San Lorenzo,32,16,16,0,23,25,-2,64,4
Huracan,32,14,18,0,49,22,27,60,5
Patronato,32,12,20,0,37,21,16,56,6
Boca Juniors,32,10,21,1,33,30,3,51,7
Argentinos Juniors,32,10,21,1,31,33,-2,51,8
Tigre,32,10,20,2,44,42,2,50,9
GyE La Plata,32,7,25,0,29,18,11,46,10
Talleres Cordoba,32,6,25,1,38,28,10,43,11
Newells Old Boys,32,6,25,1,32,24,8,43,12
Defensa y Justicia,32,5,24,3,31,33,-2,39,13
Platense,32,4,26,2,20,23,-3,38,14
Independiente,32,5,20,7,34,29,5,35,15
Barracas Central,32,4,23,5,44,41,3,35,16
Arsenal Sarandi,32,4,21,7,21,39,-18,33,17
Union de Santa Fe,32,4,20,8,44,27,17,32,18
CA Banfield,32,2,26,4,23,24,-1,32,19
Rosario Central,32,2,25,5,23,35,-12,31,20
Sarmiento de Junin,32,2,20,10,31,35,-4,26,21
Central Cordoba,32,2,19,11,37,43,-6,25,22
Estudiantes,32,2,18,12,36,51,-15,24,23
Velez Sarsfield,32,1,21,10,30,36,-6,24,24
CD Godoy Cruz,32,1,21,10,25,31,-6,24,25
CA Colon,32,0,12,20,23,34,-11,12,26
CA Lanus,32,0,11,21,28,40,-12,11,27
Aldosivi,32,0,1,31,20,51,-31,1,28
Racing Club,33,23,10,0,45,25,20,79,1
River Plate,33,18,15,0,56,32,24,69,2
Atletico Tucuman,33,16,17,0,46,33,13,65,3
San Lorenzo,33,16,17,0,24,26,-2,65,4
Huracan,33,14,19,0,52,22,30,61,5
Patronato,33,12,20,1,38,21,17,56,6
Argentinos Juniors,33,11,21,1,32,33,-1,54,7
Tigre,33,11,20,2,46,42,4,53,8
Boca Juniors,33,10,22,1,35,31,4,52,9
GyE La Plata,33,7,26,0,30,21,9,47,10
Newells Old Boys,33,6,26,1,34,24,10,44,11
Talleres Cordoba,33,6,26,1,38,30,8,44,12
Defensa y Justicia,33,5,25,3,32,33,-1,40,13
Platense,33,4,26,3,20,24,-4,38,14
Independiente,33,5,21,7,35,29,6,36,15
Barracas Central,33,4,23,6,45,42,3,35,16
Arsenal Sarandi,33,4,22,7,24,39,-15,34,17
Union de Santa Fe,33,4,21,8,46,29,17,33,18
CA Banfield,33,2,26,5,25,26,-1,32,19
Rosario Central,33,2,26,5,25,36,-11,32,20
Sarmiento de Junin,33,2,21,10,31,36,-5,27,21
Central Cordoba,33,2,20,11,37,45,-8,26,22
Estudiantes,33,2,19,12,38,51,-13,25,23
CD Godoy Cruz,33,1,22,10,27,31,-4,25,24
Velez Sarsfield,33,1,22,10,31,38,-7,25,25
CA Colon,33,0,13,20,23,35,-12,13,26
CA Lanus,33,0,11,22,28,43,-15,11,27
Aldosivi,33,0,2,31,21,53,-32,2,28
Racing Club,34,23,11,0,47,27,20,80,1
River Plate,34,19,15,0,58,32,26,72,2
Atletico Tucuman,34,16,18,0,46,33,13,66,3
San Lorenzo,34,16,18,0,25,28,-3,66,4
Huracan,34,14,20,0,53,22,31,62,5
Patronato,34,12,21,1,39,21,18,57,6
Tigre,34,12,20,2,47,42,5,56,7
Boca Juniors,34,11,22,1,36,33,3,55,8
Argentinos Juniors,34,11,22,1,35,34,1,55,9
GyE La Plata,34,8,26,0,30,22,8,50,10
Newells Old Boys,34,6,27,1,35,24,11,45,11
Talleres Cordoba,34,6,27,1,39,30,9,45,12
Defensa y Justicia,34,5,26,3,33,35,-2,41,13
Platense,34,4,27,3,20,27,-7,39,14
Independiente,34,5,22,7,37,30,7,37,15
Barracas Central,34,4,23,7,46,44,2,35,16
Arsenal Sarandi,34,4,23,7,25,40,-15,35,17
Union de Santa Fe,34,4,22,8,46,31,15,34,18
CA Banfield,34,2,27,5,27,26,1,33,19
Rosario Central,34,2,27,5,26,37,-11,33,20
Sarmiento de Junin,34,2,22,10,31,37,-6,28,21
Central Cordoba,34,2,21,11,37,48,-11,27,22
Estudiantes,34,2,20,12,38,51,-13,26,23
CD Godoy Cruz,34,1,23,10,28,32,-4,26,24
Velez Sarsfield,34,1,23,10,32,38,-6,26,25
CA Lanus,34,1,11,22,29,43,-14,14,26
CA Colon,34,0,14,20,24,35,-11,14,27
Aldosivi,34,0,2,32,22,55,-33,2,28
Racing Club,35,24,11,0,48,29,19,83,1
River Plate,35,20,15,0,60,32,28,75,2
Atletico Tucuman,35,16,19,0,46,34,12,67,3
San Lorenzo,35,16,19,0,25,32,-7,67,4
Huracan,35,15,20,0,54,23,31,65,5
Patronato,35,12,22,1,39,22,17,58,6
Boca Juniors,35,12,22,1,38,33,5,58,7
Argentinos Juniors,35,12,22,1,38,37,1,58,8
Tigre,35,12,21,2,47,43,4,57,9
GyE La Plata,35,9,26,0,31,23,8,53,10
Talleres Cordoba,35,6,28,1,41,31,10,46,11
Newells Old Boys,35,6,28,1,36,26,10,46,12
Defensa y Justicia,35,6,26,3,34,35,-1,44,13
Platense,35,4,28,3,21,29,-8,40,14
Independiente,35,5,23,7,37,31,6,38,15
Barracas Central,35,4,24,7,46,44,2,36,16
Arsenal Sarandi,35,4,24,7,26,40,-14,36,17
Union de Santa Fe,35,4,23,8,46,33,13,35,18
CA Banfield,35,2,28,5,28,31,-3,34,19
Rosario Central,35,2,27,6,28,39,-11,33,20
CD Godoy Cruz,35,2,23,10,29,32,-3,29,21
Sarmiento de Junin,35,2,23,10,31,37,-6,29,22
Velez Sarsfield,35,2,23,10,32,40,-8,29,23
Central Cordoba,35,2,22,11,37,50,-13,28,24
Estudiantes,35,2,21,12,40,52,-12,27,25
CA Colon,35,0,15,20,25,35,-10,15,26
CA Lanus,35,1,11,23,30,44,-14,14,27
Aldosivi,35,0,2,33,22,57,-35,2,28
Racing Club,36,25,11,0,49,30,19,86,1
River Plate,36,21,15,0,62,32,30,78,2
Huracan,36,16,20,0,56,23,33,68,3
Atletico Tucuman,36,16,20,0,48,37,11,68,4
San Lorenzo,36,16,20,0,27,32,-5,68,5
Boca Juniors,36,13,22,1,38,34,4,61,6
Patronato,36,12,23,1,40,23,17,59,7
Argentinos Juniors,36,12,23,1,38,37,1,59,8
Tigre,36,12,22,2,48,44,4,58,9
GyE La Plata,36,9,27,0,32,26,6,54,10
Newells Old Boys,36,7,28,1,37,28,9,49,11
Talleres Cordoba,36,6,29,1,41,31,10,47,12
Defensa y Justicia,36,6,27,3,34,36,-2,45,13
Independiente,36,6,23,7,39,31,8,41,14
Platense,36,4,29,3,23,30,-7,41,15
Barracas Central,36,4,25,7,48,46,2,37,16
Arsenal Sarandi,36,4,25,7,27,42,-15,37,17
Union de Santa Fe,36,4,24,8,46,35,11,36,18
CA Banfield,36,2,29,5,29,33,-4,35,19
Rosario Central,36,2,28,6,31,40,-9,34,20
Velez Sarsfield,36,3,23,10,33,41,-8,32,21
Central Cordoba,36,3,22,11,39,50,-11,31,22
CD Godoy Cruz,36,2,24,10,29,32,-3,30,23
Sarmiento de Junin,36,2,24,10,31,37,-6,30,24
Estudiantes,36,2,22,12,41,52,-11,28,25
CA Colon,36,0,16,20,26,36,-10,16,26
CA Lanus,36,1,12,23,30,44,-14,15,27
Aldosivi,36,0,2,34,23,59,-36,2,28
Racing Club,37,25,12,0,51,31,20,87,1
River Plate,37,22,15,0,63,33,30,81,2
Huracan,37,17,20,0,56,23,33,71,3
Atletico Tucuman,37,16,21,0,49,38,11,69,4
San Lorenzo,37,16,21,0,27,32,-5,69,5
Boca Juniors,37,14,22,1,40,34,6,64,6
Argentinos Juniors,37,13,23,1,39,37,2,62,7
Patronato,37,12,24,1,40,24,16,60,8
Tigre,37,12,23,2,49,46,3,59,9
GyE La Plata,37,10,27,0,33,26,7,57,10
Newells Old Boys,37,7,29,1,37,31,6,50,11
Talleres Cordoba,37,6,30,1,41,33,8,48,12
Defensa y Justicia,37,6,28,3,36,36,0,46,13
Independiente,37,7,23,7,40,32,8,44,14
Platense,37,4,30,3,25,31,-6,42,15
Arsenal Sarandi,37,5,25,7,27,45,-18,40,16
Barracas Central,37,4,25,8,50,47,3,37,17
Union de Santa Fe,37,4,24,9,47,36,11,36,18
CA Banfield,37,2,29,6,30,33,-3,35,19
Rosario Central,37,2,29,6,31,40,-9,35,20
Central Cordoba,37,4,22,11,41,53,-12,34,21
Velez Sarsfield,37,3,24,10,34,43,-9,33,22
CD Godoy Cruz,37,2,25,10,29,33,-4,31,23
Sarmiento de Junin,37,2,25,10,33,38,-5,31,24
Estudiantes,37,2,22,13,43,57,-14,28,25
CA Colon,37,0,17,20,27,39,-12,17,26
CA Lanus,37,1,13,23,30,45,-15,16,27
Aldosivi,37,0,2,35,23,61,-38,2,28
Racing Club,38,25,13,0,53,32,21,88,1
River Plate,38,23,15,0,63,33,30,84,2
Huracan,38,18,20,0,57,23,34,74,3
Atletico Tucuman,38,16,22,0,50,40,10,70,4
San Lorenzo,38,16,22,0,27,34,-7,70,5
Boca Juniors,38,14,23,1,41,34,7,65,6
Argentinos Juniors,38,14,23,1,39,38,1,65,7
Tigre,38,13,23,2,51,47,4,62,8
Patronato,38,12,25,1,42,24,18,61,9
GyE La Plata,38,10,28,0,34,27,7,58,10
Newells Old Boys,38,8,29,1,38,32,6,53,11
Talleres Cordoba,38,6,31,1,41,35,6,49,12
Defensa y Justicia,38,6,29,3,36,38,-2,47,13
Independiente,38,7,24,7,40,33,7,45,14
Arsenal Sarandi,38,6,25,7,28,46,-18,43,15
Platense,38,4,31,3,25,31,-6,43,16
Barracas Central,38,4,25,9,52,48,4,37,17
Union de Santa Fe,38,4,24,10,47,36,11,36,18
CA Banfield,38,2,30,6,32,34,-2,36,19
Rosario Central,38,2,30,6,31,43,-12,36,20
Central Cordoba,38,4,23,11,42,54,-12,35,21
Velez Sarsfield,38,3,25,10,35,43,-8,34,22
CD Godoy Cruz,38,2,26,10,30,33,-3,32,23
Sarmiento de Junin,38,2,26,10,34,40,-6,32,24
Estudiantes,38,2,22,14,45,59,-14,28,25
CA Colon,38,0,18,20,27,39,-12,18,26
CA Lanus,38,1,13,24,33,47,-14,16,27
Aldosivi,38,0,2,36,24,63,-39,2,28
Racing Club,39,25,14,0,55,32,23,89,1
River Plate,39,23,16,0,64,33,31,85,2
Huracan,39,19,20,0,58,24,34,77,3
Atletico Tucuman,39,16,23,0,50,42,8,71,4
San Lorenzo,39,16,23,0,28,35,-7,71,5
Argentinos Juniors,39,15,23,1,40,39,1,68,6
Boca Juniors,39,14,24,1,44,35,9,66,7
Tigre,39,14,23,2,53,47,6,65,8
Patronato,39,12,26,1,42,25,17,62,9
GyE La Plata,39,11,28,0,35,27,8,61,10
Newells Old Boys,39,8,30,1,39,32,7,54,11
Talleres Cordoba,39,6,32,1,43,35,8,50,12
Defensa y Justicia,39,6,30,3,37,39,-2,48,13
Independiente,39,7,25,7,43,33,10,46,14
Arsenal Sarandi,39,6,26,7,29,47,-18,44,15
Platense,39,4,32,3,26,32,-6,44,16
Barracas Central,39,4,26,9,52,49,3,38,17
Union de Santa Fe,39,4,25,10,48,37,11,37,18
CA Banfield,39,2,31,6,34,36,-2,37,19
Rosario Central,39,2,31,6,31,43,-12,37,20
Central Cordoba,39,4,24,11,45,56,-11,36,21
Sarmiento de Junin,39,3,26,10,36,40,-4,35,22
Velez Sarsfield,39,3,26,10,36,45,-9,35,23
CD Godoy Cruz,39,2,27,10,30,35,-5,33,24
Estudiantes,39,2,23,14,46,60,-14,29,25
CA Colon,39,0,19,20,28,39,-11,19,26
CA Lanus,39,1,14,24,34,50,-16,17,27
Aldosivi,39,0,2,37,26,66,-40,2,28
Racing Club,40,25,15,0,56,33,23,90,1
River Plate,40,24,16,0,68,33,35,88,2
Huracan,40,20,20,0,59,25,34,80,3
Atletico Tucuman,40,16,24,0,50,42,8,72,4
San Lorenzo,40,16,24,0,29,35,-6,72,5
Argentinos Juniors,40,16,23,1,41,40,1,71,6
Boca Juniors,40,14,25,1,47,36,11,67,7
Tigre,40,14,24,2,57,47,10,66,8
GyE La Plata,40,12,28,0,37,27,10,64,9
Patronato,40,12,27,1,42,25,17,63,10
Newells Old Boys,40,8,31,1,42,32,10,55,11
Talleres Cordoba,40,6,33,1,43,38,5,51,12
Defensa y Justicia,40,6,30,4,38,41,-3,48,13
Independiente,40,7,26,7,46,35,11,47,14
Arsenal Sarandi,40,6,27,7,30,49,-19,45,15
Platense,40,4,32,4,27,32,-5,44,16
Barracas Central,40,4,26,10,55,50,5,38,17
Sarmiento de Junin,40,4,26,10,38,42,-4,38,18
Union de Santa Fe,40,4,25,11,48,38,10,37,19
Central Cordoba,40,4,25,11,49,57,-8,37,20
CA Banfield,40,2,31,7,36,37,-1,37,21
Rosario Central,40,2,31,7,32,43,-11,37,22
Velez Sarsfield,40,3,27,10,41,46,-5,36,23
CD Godoy Cruz,40,2,28,10,31,35,-4,34,24
Estudiantes,40,2,23,15,47,61,-14,29,25
CA Colon,40,0,20,20,29,39,-10,20,26
CA Lanus,40,1,14,25,34,54,-20,17,27
Aldosivi,40,0,3,37,27,66,-39,3,28
River Plate,41,25,16,0,68,33,35,91,1
Racing Club,41,25,16,0,58,33,25,91,2
Huracan,41,20,21,0,59,26,33,81,3
Atletico Tucuman,41,16,25,0,50,43,7,73,4
San Lorenzo,41,16,25,0,31,36,-5,73,5
Argentinos Juniors,41,16,24,1,41,43,-2,72,6
Tigre,41,15,24,2,58,47,11,69,7
Boca Juniors,41,14,26,1,48,37,11,68,8
GyE La Plata,41,13,28,0,40,27,13,67,9
Patronato,41,12,28,1,43,25,18,64,10
Newells Old Boys,41,9,31,1,43,33,10,58,11
Talleres Cordoba,41,6,34,1,43,39,4,52,12
Defensa y Justicia,41,6,31,4,39,43,-4,49,13
Independiente,41,7,27,7,47,37,10,48,14
Arsenal Sarandi,41,6,28,7,32,50,-18,46,15
Platense,41,4,33,4,27,32,-5,45,16
Sarmiento de Junin,41,4,27,10,39,43,-4,39,17
Barracas Central,41,4,26,11,55,52,3,38,18
Central Cordoba,41,4,26,11,51,60,-9,38,19
Rosario Central,41,2,32,7,33,44,-11,38,20
Union de Santa Fe,41,4,25,12,50,39,11,37,21
Velez Sarsfield,41,3,28,10,43,48,-5,37,22
CA Banfield,41,2,31,8,37,38,-1,37,23
CD Godoy Cruz,41,2,29,10,31,35,-4,35,24
Estudiantes,41,2,23,16,48,61,-13,29,25
CA Colon,41,1,20,20,30,39,-9,23,26
CA Lanus,41,1,15,25,36,54,-18,18,27
Aldosivi,41,0,3,38,27,69,-42,3,28
River Plate,42,25,17,0,71,34,37,92,1
Racing Club,42,25,17,0,61,35,26,92,2
Huracan,42,21,21,0,59,26,33,84,3
Atletico Tucuman,42,16,26,0,50,44,6,74,4
San Lorenzo,42,16,26,0,31,37,-6,74,5
Argentinos Juniors,42,16,25,1,41,45,-4,73,6
Tigre,42,16,24,2,61,47,14,72,7
GyE La Plata,42,14,28,0,44,28,16,70,8
Boca Juniors,42,14,27,1,50,37,13,69,9
Patronato,42,12,29,1,44,25,19,65,10
Newells Old Boys,42,9,32,1,43,33,10,59,11
Talleres Cordoba,42,6,35,1,44,43,1,53,12
Defensa y Justicia,42,6,32,4,40,43,-3,50,13
Independiente,42,7,28,7,48,39,9,49,14
Arsenal Sarandi,42,6,29,7,33,50,-17,47,15
Platense,42,4,34,4,27,33,-6,46,16
Sarmiento de Junin,42,4,28,10,41,43,-2,40,17
Central Cordoba,42,4,27,11,51,61,-10,39,18
Barracas Central,42,4,26,12,55,52,3,38,19
CD Godoy Cruz,42,3,29,10,31,35,-4,38,20
Velez Sarsfield,42,3,29,10,43,49,-6,38,21
Rosario Central,42,2,32,8,33,44,-11,38,22
Union de Santa Fe,42,4,25,13,51,40,11,37,23
CA Banfield,42,2,31,9,37,39,-2,37,24
Estudiantes,42,2,23,17,50,62,-12,29,25
CA Colon,42,1,21,20,31,40,-9,24,26
CA Lanus,42,1,16,25,38,56,-18,19,27
Aldosivi,42,0,3,39,27,69,-42,3,28
River Plate,43,26,17,0,73,35,38,95,1
Racing Club,43,26,17,0,63,35,28,95,2
Huracan,43,22,21,0,60,26,34,87,3
Atletico Tucuman,43,17,26,0,52,44,8,77,4
San Lorenzo,43,17,26,0,34,37,-3,77,5
Argentinos Juniors,43,17,25,1,42,45,-3,76,6
Tigre,43,17,24,2,65,48,17,75,7
GyE La Plata,43,15,28,0,46,30,16,73,8
Boca Juniors,43,15,27,1,52,37,15,72,9
Patronato,43,13,29,1,46,25,21,68,10
Newells Old Boys,43,10,32,1,44,34,10,62,11
Talleres Cordoba,43,7,35,1,46,43,3,56,12
Defensa y Justicia,43,7,32,4,41,43,-2,53,13
Independiente,43,8,28,7,48,40,8,52,14
Platense,43,5,34,4,28,33,-5,49,15
Arsenal Sarandi,43,6,30,7,36,52,-16,48,16
Barracas Central,43,5,26,12,56,54,2,41,17
Sarmiento de Junin,43,4,29,10,44,43,1,41,18
Velez Sarsfield,43,4,29,10,46,50,-4,41,19
CD Godoy Cruz,43,4,29,10,31,37,-6,41,20
Rosario Central,43,3,32,8,33,44,-11,41,21
Union de Santa Fe,43,5,25,13,53,42,11,40,22
Central Cordoba,43,4,28,11,53,62,-9,40,23
CA Banfield,43,2,32,9,37,41,-4,38,24
Estudiantes,43,3,23,17,51,63,-12,32,25
CA Colon,43,1,21,21,31,45,-14,24,26
CA Lanus,43,1,17,25,39,58,-19,20,27
Aldosivi,43,0,3,40,27,75,-48,3,28
River Plate,44,27,17,0,75,35,40,98,1
Racing Club,44,27,17,0,66,36,30,98,2
Huracan,44,23,21,0,61,26,35,90,3
Atletico Tucuman,44,18,26,0,54,45,9,80,4
San Lorenzo,44,18,26,0,35,37,-2,80,5
Argentinos Juniors,44,18,25,1,42,45,-3,79,6
Tigre,44,17,25,2,67,50,17,76,7
GyE La Plata,44,16,28,0,49,30,19,76,8
Boca Juniors,44,16,27,1,54,37,17,75,9
Patronato,44,13,30,1,47,25,22,69,10
Newells Old Boys,44,10,33,1,44,34,10,63,11
Talleres Cordoba,44,7,36,1,48,43,5,57,12
Defensa y Justicia,44,7,33,4,42,45,-3,54,13
Independiente,44,8,29,7,48,40,8,53,14
Arsenal Sarandi,44,7,30,7,37,52,-15,51,15
Platense,44,5,35,4,30,36,-6,50,16
Velez Sarsfield,44,5,29,10,47,50,-3,44,17
Central Cordoba,44,5,28,11,53,62,-9,43,18
Barracas Central,44,5,27,12,57,55,2,42,19
Sarmiento de Junin,44,4,30,10,45,44,1,42,20
CD Godoy Cruz,44,4,30,10,32,37,-5,42,21
Rosario Central,44,3,33,8,34,46,-12,42,22
Union de Santa Fe,44,5,26,13,53,43,10,41,23
CA Banfield,44,2,33,9,37,42,-5,39,24
Estudiantes,44,3,24,17,52,64,-12,33,25
CA Colon,44,1,22,21,31,45,-14,25,26
CA Lanus,44,1,18,25,41,61,-20,21,27
Aldosivi,44,0,3,41,27,76,-49,3,28
River Plate,45,28,17,0,76,36,40,101,1
Racing Club,45,27,18,0,66,38,28,99,2
Huracan,45,24,21,0,62,28,34,93,3
Atletico Tucuman,45,18,27,0,55,46,9,81,4
San Lorenzo,45,18,27,0,35,37,-2,81,5
Argentinos Juniors,45,18,26,1,42,46,-4,80,6
Tigre,45,18,25,2,68,50,18,79,7
GyE La Plata,45,16,29,0,49,31,18,77,8
Boca Juniors,45,16,27,2,54,37,17,75,9
Patronato,45,13,30,2,47,26,21,69,10
Newells Old Boys,45,10,34,1,44,37,7,64,11
Talleres Cordoba,45,7,36,2,48,46,2,57,12
Independiente,45,8,30,7,49,41,8,54,13
Defensa y Justicia,45,7,33,5,42,49,-7,54,14
Arsenal Sarandi,45,7,31,7,39,52,-13,52,15
Platense,45,5,35,5,31,39,-8,50,16
Central Cordoba,45,6,28,11,55,63,-8,46,17
Velez Sarsfield,45,5,30,10,47,53,-6,45,18
CD Godoy Cruz,45,4,31,10,34,38,-4,43,19
Barracas Central,45,5,27,13,59,56,3,42,20
Sarmiento de Junin,45,4,30,11,45,46,-1,42,21
Rosario Central,45,3,33,9,34,49,-15,42,22
Union de Santa Fe,45,5,26,14,54,44,10,41,23
CA Banfield,45,2,33,10,38,42,-4,39,24
Estudiantes,45,3,24,18,53,66,-13,33,25
CA Colon,45,1,23,21,33,46,-13,26,26
CA Lanus,45,1,18,26,41,63,-22,21,27
Aldosivi,45,0,3,42,28,77,-49,3,28
River Plate,46,29,17,0,79,36,43,104,1
Racing Club,46,27,19,0,68,39,29,100,2
Huracan,46,24,22,0,63,28,35,94,3
Tigre,46,19,25,2,69,51,18,82,4
Atletico Tucuman,46,18,28,0,56,47,9,82,5
San Lorenzo,46,18,28,0,35,39,-4,82,6
Argentinos Juniors,46,18,27,1,42,47,-5,81,7
GyE La Plata,46,16,30,0,50,31,19,78,8
Boca Juniors,46,16,28,2,54,38,16,76,9
Patronato,46,13,31,2,48,28,20,70,10
Newells Old Boys,46,10,35,1,45,39,6,65,11
Talleres Cordoba,46,7,37,2,49,46,3,58,12
Independiente,46,8,31,7,50,41,9,55,13
Defensa y Justicia,46,7,34,5,42,49,-7,55,14
Arsenal Sarandi,46,7,32,7,40,53,-13,53,15
Platense,46,5,36,5,31,39,-8,51,16
Central Cordoba,46,6,29,11,56,65,-9,47,17
Velez Sarsfield,46,5,31,10,48,56,-8,46,18
Sarmiento de Junin,46,5,30,11,46,47,-1,45,19
CD Godoy Cruz,46,4,32,10,35,39,-4,44,20
Rosario Central,46,3,34,9,34,51,-17,43,21
Barracas Central,46,5,27,14,59,57,2,42,22
Union de Santa Fe,46,5,26,15,54,47,7,41,23
CA Banfield,46,2,33,11,38,42,-4,39,24
Estudiantes,46,3,24,19,56,69,-13,33,25
CA Colon,46,1,23,22,33,49,-16,26,26
CA Lanus,46,1,18,27,42,64,-22,21,27
Aldosivi,46,0,3,43,28,79,-51,3,28
River Plate,47,30,17,0,79,36,43,107,1
Racing Club,47,27,20,0,74,39,35,101,2
Huracan,47,24,23,0,64,29,35,95,3
Tigre,47,20,25,2,70,53,17,85,4
Atletico Tucuman,47,18,29,0,56,47,9,83,5
San Lorenzo,47,18,29,0,38,41,-3,83,6
Argentinos Juniors,47,18,28,1,43,48,-5,82,7
GyE La Plata,47,16,31,0,52,32,20,79,8
Boca Juniors,47,16,29,2,57,40,17,77,9
Patronato,47,13,32,2,51,29,22,71,10
Newells Old Boys,47,10,36,1,45,40,5,66,11
Talleres Cordoba,47,7,38,2,49,48,1,59,12
Independiente,47,8,32,7,52,42,10,56,13
Defensa y Justicia,47,7,35,5,42,49,-7,56,14
Arsenal Sarandi,47,7,33,7,42,54,-12,54,15
Platense,47,5,37,5,31,40,-9,52,16
Central Cordoba,47,6,30,11,57,66,-9,48,17
Velez Sarsfield,47,5,32,10,49,57,-8,47,18
Sarmiento de Junin,47,5,31,11,47,47,0,46,19
CD Godoy Cruz,47,4,33,10,36,41,-5,45,20
Rosario Central,47,3,35,9,34,54,-20,44,21
Barracas Central,47,5,27,15,61,58,3,42,22
Union de Santa Fe,47,5,26,16,54,47,7,41,23
CA Banfield,47,2,34,11,38,42,-4,40,24
Estudiantes,47,3,24,20,57,71,-14,33,25
CA Colon,47,1,24,22,33,50,-17,27,26
CA Lanus,47,1,18,28,43,65,-22,21,27
Aldosivi,47,0,3,44,31,79,-48,3,28
River Plate,48,31,17,0,80,36,44,110,1
Racing Club,48,27,21,0,77,39,38,102,2
Huracan,48,24,24,0,64,33,31,96,3
Tigre,48,21,25,2,70,55,15,88,4
Atletico Tucuman,48,18,30,0,56,48,8,84,5
San Lorenzo,48,18,30,0,38,41,-3,84,6
Argentinos Juniors,48,18,29,1,44,48,-4,83,7
GyE La Plata,48,16,32,0,54,33,21,80,8
Boca Juniors,48,16,30,2,58,41,17,78,9
Patronato,48,13,32,3,51,30,21,71,10
Newells Old Boys,48,10,37,1,46,41,5,67,11
Talleres Cordoba,48,7,38,3,50,51,-1,59,12
Independiente,48,8,32,8,52,43,9,56,13
Defensa y Justicia,48,7,35,6,42,51,-9,56,14
Arsenal Sarandi,48,7,33,8,42,57,-15,54,15
Platense,48,5,37,6,33,44,-11,52,16
Central Cordoba,48,6,31,11,61,68,-7,49,17
Velez Sarsfield,48,5,33,10,51,57,-6,48,18
Sarmiento de Junin,48,5,32,11,47,48,-1,47,19
CD Godoy Cruz,48,4,34,10,36,42,-6,46,20
Rosario Central,48,3,35,10,34,55,-21,44,21
Barracas Central,48,5,27,16,61,59,2,42,22
Union de Santa Fe,48,5,26,17,54,49,5,41,23
CA Banfield,48,2,34,12,39,43,-4,40,24
Estudiantes,48,3,24,21,57,74,-17,33,25
CA Colon,48,1,24,23,34,52,-18,27,26
CA Lanus,48,1,18,29,43,67,-24,21,27
Aldosivi,48,0,3,45,32,81,-49,3,28
River Plate,49,32,17,0,83,38,45,113,1
Racing Club,49,27,22,0,77,41,36,103,2
Huracan,49,24,25,0,65,34,31,97,3
Tigre,49,21,26,2,71,56,15,89,4
Atletico Tucuman,49,18,31,0,57,48,9,85,5
San Lorenzo,49,18,31,0,39,42,-3,85,6
Argentinos Juniors,49,18,30,1,44,48,-4,84,7
GyE La Plata,49,16,33,0,56,34,22,81,8
Boca Juniors,49,16,31,2,59,41,18,79,9
Patronato,49,13,33,3,51,30,21,72,10
Newells Old Boys,49,10,38,1,47,43,4,68,11
Talleres Cordoba,49,7,39,3,50,51,-1,60,12
Independiente,49,8,33,8,52,45,7,57,13
Defensa y Justicia,49,7,36,6,43,51,-8,57,14
Arsenal Sarandi,49,7,34,8,42,60,-18,55,15
Platense,49,5,38,6,33,46,-13,53,16
Central Cordoba,49,6,32,11,62,70,-8,50,17
Velez Sarsfield,49,5,34,10,53,58,-5,49,18
Sarmiento de Junin,49,5,33,11,49,49,0,48,19
CD Godoy Cruz,49,4,34,11,38,44,-6,46,20
Rosario Central,49,3,36,10,34,55,-21,45,21
Barracas Central,49,5,28,16,62,59,3,43,22
Union de Santa Fe,49,5,27,17,54,51,3,42,23
CA Banfield,49,2,35,12,41,45,-4,41,24
Estudiantes,49,3,24,22,59,76,-17,33,25
CA Colon,49,1,25,23,36,52,-16,28,26
CA Lanus,49,1,18,30,45,69,-24,21,27
Aldosivi,49,0,3,46,32,83,-51,3,28
River Plate,50,33,17,0,87,40,47,116,1
Racing Club,50,27,22,1,78,42,36,103,2
Huracan,50,24,26,0,66,37,29,98,3
Tigre,50,21,26,3,72,57,15,89,4
Atletico Tucuman,50,18,31,1,59,52,7,85,5
San Lorenzo,50,18,31,1,41,42,-1,85,6
Argentinos Juniors,50,18,30,2,45,49,-4,84,7
GyE La Plata,50,16,34,0,56,35,21,82,8
Boca Juniors,50,16,31,3,59,43,16,79,9
Patronato,50,13,33,4,52,31,21,72,10
Newells Old Boys,50,10,38,2,47,43,4,68,11
Talleres Cordoba,50,7,39,4,52,54,-2,60,12
Independiente,50,8,33,9,53,47,6,57,13
Defensa y Justicia,50,7,36,7,43,53,-10,57,14
Arsenal Sarandi,50,7,34,9,42,62,-20,55,15
Platense,50,5,38,7,33,47,-14,53,16
Central Cordoba,50,6,33,11,62,71,-9,51,17
Velez Sarsfield,50,5,34,11,55,58,-3,49,18
CD Godoy Cruz,50,5,34,11,40,45,-5,49,19
Sarmiento de Junin,50,5,33,12,49,52,-3,48,20
Rosario Central,50,3,36,11,34,57,-23,45,21
Barracas Central,50,5,28,17,64,61,3,43,22
Union de Santa Fe,50,5,27,18,55,52,3,42,23
CA Banfield,50,2,35,13,41,48,-7,41,24
Estudiantes,50,3,24,23,61,78,-17,33,25
CA Colon,50,1,26,23,37,53,-16,29,26
CA Lanus,50,1,18,31,45,69,-24,21,27
Aldosivi,50,0,3,47,32,87,-55,3,28
River Plate,51,34,17,0,89,41,48,119,1
Racing Club,51,28,22,1,80,43,37,106,2
Huracan,51,25,26,0,71,37,34,101,3
Tigre,51,22,26,3,75,57,18,92,4
Atletico Tucuman,51,18,32,1,59,54,5,86,5
San Lorenzo,51,18,32,1,41,43,-2,86,6
Argentinos Juniors,51,18,31,2,45,49,-4,85,7
GyE La Plata,51,16,35,0,56,36,20,83,8
Boca Juniors,51,16,32,3,59,44,15,80,9
Patronato,51,13,34,4,54,33,21,73,10
Newells Old Boys,51,10,39,2,47,44,3,69,11
Talleres Cordoba,51,7,40,4,52,54,-2,61,12
Independiente,51,8,34,9,53,47,6,58,13
Defensa y Justicia,51,7,37,7,44,54,-10,58,14
Arsenal Sarandi,51,7,35,9,43,64,-21,56,15
Platense,51,5,39,7,33,47,-14,54,16
Velez Sarsfield,51,6,34,11,56,58,-2,52,17
Central Cordoba,51,6,33,12,64,74,-10,51,18
CD Godoy Cruz,51,5,35,11,40,47,-7,50,19
Sarmiento de Junin,51,5,34,12,50,52,-2,49,20
Rosario Central,51,3,37,11,37,58,-21,46,21
Barracas Central,51,5,29,17,66,61,5,44,22
Union de Santa Fe,51,5,28,18,56,52,4,43,23
CA Banfield,51,2,36,13,41,49,-8,42,24
Estudiantes,51,3,25,23,61,79,-18,34,25
CA Colon,51,1,27,23,38,54,-16,30,26
CA Lanus,51,1,19,31,46,70,-24,22,27
Aldosivi,51,0,3,48,32,88,-56,3,28
River Plate,52,35,17,0,91,43,48,122,1
Racing Club,52,28,23,1,81,43,38,107,2
Huracan,52,25,27,0,71,38,33,102,3
Tigre,52,22,27,3,77,58,19,93,4
Atletico Tucuman,52,18,33,1,60,54,6,87,5
San Lorenzo,52,18,33,1,41,45,-4,87,6
Argentinos Juniors,52,18,32,2,47,49,-2,86,7
GyE La Plata,52,16,36,0,56,36,20,84,8
Boca Juniors,52,16,33,3,59,44,15,81,9
Patronato,52,13,35,4,54,35,19,74,10
Newells Old Boys,52,10,40,2,47,45,2,70,11
Talleres Cordoba,52,7,41,4,52,56,-4,62,12
Independiente,52,8,35,9,54,49,5,59,13
Defensa y Justicia,52,7,38,7,45,54,-9,59,14
Arsenal Sarandi,52,7,36,9,44,65,-21,57,15
Platense,52,5,40,7,35,47,-12,55,16
Central Cordoba,52,7,33,12,66,74,-8,54,17
Velez Sarsfield,52,6,35,11,60,58,2,53,18
CD Godoy Cruz,52,5,36,11,40,47,-7,51,19
Sarmiento de Junin,52,5,35,12,51,52,-1,50,20
Rosario Central,52,3,38,11,37,59,-22,47,21
Barracas Central,52,5,30,17,66,63,3,45,22
Union de Santa Fe,52,5,29,18,57,53,4,44,23
CA Banfield,52,2,37,13,41,50,-9,43,24
Estudiantes,52,3,25,24,61,80,-19,34,25
CA Colon,52,1,27,24,39,56,-17,30,26
CA Lanus,52,1,19,32,48,70,-22,22,27
Aldosivi,52,0,3,49,32,88,-56,3,28
River Plate,53,36,17,0,91,45,46,125,1
Racing Club,53,28,24,1,83,44,39,108,2
Huracan,53,25,28,0,74,38,36,103,3
Tigre,53,22,28,3,77,60,17,94,4
Atletico Tucuman,53,18,34,1,61,54,7,88,5
San Lorenzo,53,18,34,1,42,45,-3,88,6
Argentinos Juniors,53,18,33,2,48,54,-6,87,7
GyE La Plata,53,16,37,0,57,36,21,85,8
Boca Juniors,53,16,34,3,61,45,16,82,9
Patronato,53,13,36,4,56,38,18,75,10
Newells Old Boys,53,10,41,2,49,47,2,71,11
Talleres Cordoba,53,7,42,4,52,57,-5,63,12
Independiente,53,8,36,9,57,50,7,60,13
Defensa y Justicia,53,7,39,7,45,55,-10,60,14
Arsenal Sarandi,53,7,37,9,45,66,-21,58,15
Platense,53,5,41,7,36,48,-12,56,16
Central Cordoba,53,7,34,12,67,75,-8,55,17
Velez Sarsfield,53,6,36,11,60,62,-2,54,18
CD Godoy Cruz,53,5,37,11,40,51,-11,52,19
Sarmiento de Junin,53,5,36,12,52,54,-2,51,20
Rosario Central,53,3,39,11,39,60,-21,48,21
Barracas Central,53,5,31,17,69,64,5,46,22
Union de Santa Fe,53,5,29,19,59,53,6,44,23
CA Banfield,53,2,38,13,42,50,-8,44,24
Estudiantes,53,3,25,25,62,81,-19,34,25
CA Colon,53,1,27,25,39,57,-18,30,26
CA Lanus,53,1,19,33,48,71,-23,22,27
Aldosivi,53,0,3,50,33,91,-58,3,28
River Plate,54,37,17,0,94,47,47,128,1
Racing Club,54,28,25,1,86,44,42,109,2
Huracan,54,25,29,0,76,39,37,104,3
Tigre,54,22,29,3,79,61,18,95,4
Atletico Tucuman,54,18,35,1,63,54,9,89,5
San Lorenzo,54,18,35,1,42,45,-3,89,6
Argentinos Juniors,54,18,34,2,51,56,-5,88,7
GyE La Plata,54,16,38,0,58,38,20,86,8
Boca Juniors,54,16,35,3,62,46,16,83,9
Patronato,54,13,37,4,59,38,21,76,10
Newells Old Boys,54,10,42,2,50,47,3,72,11
Talleres Cordoba,54,7,43,4,54,57,-3,64,12
Independiente,54,8,37,9,58,51,7,61,13
Defensa y Justicia,54,7,40,7,47,58,-11,61,14
Arsenal Sarandi,54,7,38,9,47,70,-23,59,15
Platense,54,5,42,7,38,48,-10,57,16
Central Cordoba,54,7,35,12,67,78,-11,56,17
Velez Sarsfield,54,6,37,11,63,62,1,55,18
CD Godoy Cruz,54,5,38,11,41,52,-11,53,19
Sarmiento de Junin,54,5,37,12,53,54,-1,52,20
Rosario Central,54,3,40,11,40,64,-24,49,21
Barracas Central,54,5,31,18,70,64,6,46,22
CA Banfield,54,2,39,13,43,52,-9,45,23
Union de Santa Fe,54,5,29,20,59,55,4,44,24
Estudiantes,54,3,25,26,65,83,-18,34,25
CA Colon,54,1,27,26,39,59,-20,30,26
CA Lanus,54,1,19,34,49,73,-24,22,27
Aldosivi,54,0,3,51,33,91,-58,3,28
